CACHE type 5 produced by analog 6.0/Unix. Do not modify or delete!
T	0	0	3906	170	998	359	128750501
D	24633486	24654817
17106	169	1	1	203
17106	206	2	0	106
17106	208	1	1	203
17107	70	1	1	203
17107	91	3	3	609
17107	108	2	2	406
17107	148	32	1	1089765
17107	149	33	1	1670565
17107	150	11	0	107007
17107	151	4	0	415013
17107	154	37	0	1774765
17107	163	2	0	4583
17107	168	38	1	1260275
17107	180	4	0	415013
17107	187	43	1	1717981
17107	188	89	2	3505112
17107	189	4	0	75160
17107	190	42	1	1695877
17107	193	42	1	1681375
17107	194	1	0	20202
17107	195	12	0	995798
17107	196	42	1	1301768
17107	197	103	2	1736894
17107	198	126	2	4568647
17107	199	121	3	3608419
17107	200	122	1	3295674
17107	201	108	2	3873385
17107	202	43	1	447913
17107	204	81	2	1408291
17107	205	46	2	177831
17107	206	36	0	1233419
17107	207	113	0	1461228
17107	208	9	3	515682
17107	234	3	0	415033
17107	236	22	1	1147911
17107	237	1	0	4614
17108	158	4	0	4594
17108	186	1	0	4594
17108	239	1	0	24
17109	10	22	1	464890
17109	13	23	1	80146
17109	93	1	0	0
17109	94	4	0	4594
17109	96	3	0	4594
17109	107	26	1	1187919
17109	133	4	0	415013
17109	134	39	1	121700
17109	148	1	0	4564
17109	150	28	3	1148073
17109	151	24	2	848398
17109	152	28	0	758410
17109	153	4	0	4596
17109	154	45	4	2253888
17109	155	7	0	472214
17109	156	21	1	825482
17109	157	6	1	98086
17109	158	3	0	34776
17109	162	3	0	415013
17109	164	16	0	739147
17109	168	3	1	63628
17109	169	3	0	55392
17109	170	1	1	10457
17109	178	5	1	118282
17109	181	5	0	257740
17109	185	17	0	18151
17109	203	17	0	722522
17109	209	3	0	18151
17109	231	1	0	4564
17110	20	3	0	415013
17110	95	5	0	419886
17110	96	20	1	810741
17110	99	2	0	55368
17110	201	93	3	4411914
17110	202	46	1	1390189
17110	203	14	1	553630
17110	204	35	3	1114881
17112	102	3	0	415031
17112	136	1	0	4562
17113	2	1	0	4562
17113	94	1	0	0
17113	96	21	1	16955
17113	97	6	2	120020
17113	135	27	3	1250419
17113	136	1	0	4592
17113	193	24	2	787782
17113	199	29	4	833981
17113	200	1	0	19833
17114	61	1	0	4562
17114	87	1	0	4562
17114	96	4	0	415011
17114	97	23	1	790920
17114	98	18	0	722539
17114	99	2	1	12691
17114	109	20	1	420967
17114	110	7	0	252380
17114	116	1	0	4562
17114	166	25	1	1179134
17114	170	9	1	343783
17114	171	23	0	558382
17114	175	3	0	415011
17114	181	5	3	3543
17114	186	6	0	610967
17114	188	59	1	953374
17114	190	18	1	13270
17114	192	19	1	30492
17114	194	17	1	13254
17114	195	19	1	740569
17114	200	22	1	350033
17114	206	43	2	832662
17114	207	33	2	1602913
17114	208	9	0	18571
17114	221	21	1	1155817
17114	222	5	1	51109
17114	226	25	1	1193264
17114	229	22	0	53100
17114	230	19	0	248750
17114	231	3	0	20437
17114	239	49	1	2267143
17114	240	83	3	2189449
17114	241	26	3	915836
17114	243	24	2	1197978
17114	256	3	0	415154
17115	84	15	0	744976
17115	85	12	1	537978
17115	86	10	0	221648
17115	88	23	1	18019
17115	92	27	1	1160378
17115	96	24	2	31159
17115	97	23	1	1155727
17115	122	5	0	415182
17115	123	3	0	12768
17115	133	3	0	4619
17115	148	22	1	1179735
17115	155	4	0	415134
17115	157	29	1	1240144
17115	170	1	1	13262
17115	172	22	1	802009
17115	176	23	0	1165583
17115	201	3	0	416981
17115	221	5	0	126324
17115	245	1	0	24
17116	90	22	1	885385
17116	91	2	0	19322
17116	94	2	1	30509
17116	98	1	0	24176
17116	99	1	0	17242
17116	100	2	0	50134
17116	104	2	0	43351
17116	106	1	0	17242
17116	107	1	0	27079
17116	112	2	0	45293
17116	115	1	0	19298
17116	116	28	1	218762
17116	145	21	1	136070
17116	162	46	3	2490600
17116	163	56	4	2955750
17116	164	15	1	1226902
17116	165	63	2	2840021
17116	166	52	5	1031928
17116	167	1	0	4077
17116	176	6	0	834832
17116	177	11	0	426692
17116	178	59	2	2966865
17116	179	3	0	4261
17116	180	3	0	4097
17116	181	6	0	425570
17116	182	22	1	747853
17116	183	7	1	74518
17116	184	21	1	30450
17116	185	6	3	77290
17116	186	23	3	340311
17116	187	5	0	421493
17116	191	4	0	416831
17116	192	40	6	1294611
17116	193	15	3	107836
17116	200	7	0	429062
17116	207	5	1	430655
17116	208	27	0	1093115
17116	209	46	2	2315980
17116	217	4	0	417416
17116	219	28	1	1235293
17116	224	10	0	441928
17117	0	11	0	437133
17117	50	3	0	4125
17117	51	1	0	4077
17117	52	2	0	6721
17117	94	3	0	4077
17117	95	55	2	2267610
17117	110	24	1	60382
17117	111	4	0	417436
17117	123	1	0	4378
17117	124	24	2	782602
17117	138	3	0	417525
17117	139	1	0	0
17117	154	1	0	4136
17117	165	32	4	1291047
17117	176	2	1	13243
17117	187	2	0	16571
17117	220	1	0	0
17118	62	1	0	4146
17118	122	4	0	123294
17118	194	23	1	1158075
17118	207	1	0	4136
17118	213	1	0	4136
17119	169	1	0	4186
17120	50	3	0	4214
17120	131	19	1	13239
17120	132	1	0	16
17121	98	1	0	4166
1	0	0	0	1	0	0	24650959	0	0	24650959	0	/HNAP1
1	0	0	1	0	0	24653390	0	0	24653390	0	0	/recordings/
1	0	0	0	4	0	0	24645101	0	0	24644645	0	/leads/34/images/img.jpg
1	0	0	3	0	0	24641413	0	0	24638097	0	0	/muieblackcat
1	114	0	0	0	24653459	0	0	24634824	0	0	9681942	/arq/Flot/jquery.flot.js
1	0	0	0	1	0	0	24643207	0	0	24643207	0	/leads/14/images/img.jpg
1	0	0	1	0	0	24640989	0	0	24640989	0	0	/admin/phpmyadmin/scripts/setup.php
1	0	0	0	1	0	0	24647934	0	0	24647934	0	/painel
1	0	0	0	1	0	0	24635107	0	0	24635107	0	/leads/8/images/img.jpg
1	1	0	0	0	24647970	0	0	24647970	0	0	19000	/leads/70/43/inativarleadhistorico
1	0	0	0	3	0	0	24644469	0	0	24637702	0	quit
1	0	0	0	1	0	0	24648651	0	0	24648651	0	/services/MyICOffice
1	1	0	0	0	24647971	0	0	24647971	0	0	19279	/leads/45/editelead
1	0	0	0	1	0	0	24638896	0	0	24638896	0	/leads/26/images/img.jpg
1	0	0	0	1	0	0	24647971	0	0	24647971	0	/leads/71/44/images/img.jpg
1	0	0	0	1	0	0	24646026	0	0	24646026	0	/loginwww/start.html
1	113	0	0	0	24653459	0	0	24634824	0	0	2912572	/arq/bootstrap/dist/js/bootstrap.min.js
1	0	0	1	0	0	24641792	0	0	24641792	0	0	/wp/xmlrpc.php
1	0	0	0	1	0	0	24647873	0	0	24647873	0	/leads/76/48/images/img.jpg
1	0	0	1	0	0	24640989	0	0	24640989	0	0	/phpMyAdmin3/scripts/setup.php
1	0	0	1	1	0	24646024	24646025	0	24646024	24646025	0	/Http/DataLayCfg.xml
1	0	0	0	37	0	0	24647766	0	0	24635121	0	/apple-touch-icon.png
1	1	0	0	0	24647873	0	0	24647873	0	0	18958	/leads/76/48/inativarleadhistorico
1	2	0	6	0	24645194	24653663	0	24645194	24638794	0	26668	/index.php
1	0	0	6	0	0	24652618	0	0	24635911	0	0	/command.php
1	0	0	5	0	0	24652617	0	0	24635911	0	0	/cgi/common.cgi
1	0	0	0	18	0	0	24647766	0	0	24635121	0	/apple-touch-icon-120x120-precomposed.png
1	33	0	0	0	24635119	0	0	24634823	0	0	120336	/arq/bootstrap-progressbar/css/bootstrap-progressbar.css
1	0	0	0	1	0	0	24646026	0	0	24646026	0	/loginRemoteControl.html
1	0	0	0	9	0	0	24645379	0	0	24637732	0	/apple-touch-icon-precomposed.png
1	109	0	0	2	24653459	0	24634827	24634833	0	24634824	318006	/images/img.jpg
1	0	0	0	1	0	0	24649307	0	0	24649307	0	/leads/51/images/img.jpg
1	31	0	0	0	24635119	0	0	24634824	0	0	159137	/arq/flot.orderbars/js/jquery.flot.orderBars.js
1	0	0	2	0	0	24654731	0	0	24645183	0	0	/admin/config.php
1	31	0	0	0	24635119	0	0	24634824	0	0	265995	/arq/nprogress/nprogress.js
1	0	0	0	1	0	0	24636035	0	0	24636035	0	(/xcb8/xec/xd74/xc7/x13/x96q/xd8QS/xc1/x9b/x19}/xf5I/xed/xf12/x80/x0c
1	1	0	0	0	24643397	0	0	24643397	0	0	4592	/login?125.227.18.111
1	1	0	1	0	24646217	24649099	0	24646217	24649099	0	4619	/login?78.130.149.203
1	1	0	0	0	24647970	0	0	24647970	0	0	19280	/leads/43/editelead
1	6	0	0	0	24652209	0	0	24647934	0	0	24841	/index.php/login
1	0	0	0	3	0	0	24639410	0	0	24635019	0	/leads/5/images/img.jpg
1	0	0	0	1	0	0	24649307	0	0	24649307	0	/leads/79/51/images/img.jpg
1	0	0	1	0	0	24653063	0	0	24653063	0	0	test
1	0	0	0	1	0	0	24647970	0	0	24647970	0	/leads/43/images/img.jpg
1	0	0	1	0	0	24652209	0	0	24652209	0	0	/phpmyadmin
1	0	0	1	0	0	24650534	0	0	24650534	0	0	/robots.txt?78.130.149.203
1	1	0	0	0	24649307	0	0	24649307	0	0	19306	/leads/51/editelead
1	275	0	124	2	24654730	24650890	24647863	24634823	24634823	24637429	1811689	/login
1	31	0	0	0	24635119	0	0	24634824	0	0	597195	/arq/fastclick/lib/fastclick.js
1	0	0	7	0	0	24641438	0	0	24637746	0	0	/pma/scripts/setup.php
1	0	0	0	1	0	0	24638882	0	0	24638882	0	/leads/15/images/img.jpg
1	1	0	0	0	24643720	0	0	24643720	0	0	19833	/leads/33/editelead
1	0	0	1	0	0	24642960	0	0	24642960	0	0	/x03
1	0	0	0	1	0	0	24637499	0	0	24637499	0	/leads/9/images/img.jpg
1	37	0	0	0	24637632	0	0	24634824	0	0	1575574	/arq/jqvmap/dist/maps/jquery.vmap.world.js
1	9	0	59	7	24647870	24649033	24647529	24635026	24635019	24635020	121472	/leads/salvarlead
1	0	0	1	0	0	24640989	0	0	24640989	0	0	/scripts/setup.php
1	1	0	0	0	24647872	0	0	24647872	0	0	19286	/leads/41/editelead
1	0	0	0	1	0	0	24647971	0	0	24647971	0	/leads/69/42/images/img.jpg
1	0	0	0	2	0	0	24653663	0	0	24638794	0	/admin/images/tango.png
1	1	0	0	0	24637499	0	0	24637499	0	0	19445	/leads/9/editelead
1	1	0	0	0	24638882	0	0	24638882	0	0	19434	/leads/15/editelead
1	1	0	0	0	24639421	0	0	24639421	0	0	20127	/arq/bootstrap/dist/fonts/glyphicons-halflings-regular.eot?
1	1	0	0	0	24647873	0	0	24647873	0	0	19238	/leads/48/editelead
1	0	0	7	0	0	24641438	0	0	24637747	0	0	/myadmin/scripts/setup.php
1	0	0	1	0	0	24640989	0	0	24640989	0	0	/admin/pma/scripts/setup.php
1	87	0	0	0	24653459	0	0	24639408	0	0	77650	/images/usuario/img-person.png
1	0	0	1	0	0	24648651	0	0	24648651	0	0	/services/MyICOffice/
1	0	0	1	0	0	24648942	0	0	24648942	0	0	/ RTSP/1.0
1	33	0	0	0	24635119	0	0	24634823	0	0	34992	/arq/nprogress/nprogress.css
1	0	0	1	0	0	24641792	0	0	24641792	0	0	/xmlrpc.php
1	38	0	0	0	24637632	0	0	24634824	0	0	64422	/arq/jqvmap/examples/js/jquery.vmap.sampledata.js
1	0	0	3	0	0	24651734	0	0	24639488	0	0	/manager/html
1	0	0	1	0	0	24640989	0	0	24640989	0	0	/admin/scripts/setup.php
1	29	0	0	0	24648959	0	0	24644645	0	0	35360	/build/js/geolocation.js
1	5	0	0	0	24646344	0	0	24639421	0	0	117120	/arq/bootstrap/dist/fonts/glyphicons-halflings-regular.woff
1	0	0	1	0	0	24653311	0	0	24653311	0	0	http://162.243.112.22/
1	116	0	0	0	24653459	0	0	24634824	0	0	6846240	/arq/jquery/dist/jquery.min.js
1	31	0	0	0	24635119	0	0	24634824	0	0	3384887	/arq/Chart.js/dist/Chart.min.js
1	1	1	0	0	24645364	0	0	24645364	0	0	13254	/?longitude=&latitude=&src_mapa=&users_id=9
1	1	1	0	0	24645366	0	0	24645366	0	0	13338	/?longitude=&latitude=&src_mapa=&users_id=4
1	1	0	0	0	24647971	0	0	24647971	0	0	19007	/leads/69/42/inativarleadhistorico
1	29	0	0	0	24653460	0	0	24645100	0	0	464	/ponto-partida
1	114	0	0	0	24653459	0	0	24634824	0	0	1864528	/arq/Flot/jquery.flot.pie.js
1	0	0	0	2	0	0	24647971	0	0	24647615	0	/leads/44/images/img.jpg
1	34	0	0	0	24635119	0	0	24634823	0	0	31608	/arq/iCheck/skins/flat/green.css
1	0	0	5	0	0	24649295	0	0	24635911	0	0	/language/Swedish${IFS}&&echo${IFS}610cker>qt&&tar${IFS}/string.js
1	176	0	8	0	24649031	24637732	0	24634833	24634980	0	3254669	/leads/novo
1	0	0	0	2	0	0	24647971	0	0	24647971	0	/leads/72/45/images/img.jpg
1	31	0	0	0	24635119	0	0	24634824	0	0	783564	/arq/jqvmap/dist/jquery.vmap.js
1	0	0	1	1	0	24646024	24646025	0	24646024	24646025	0	/RemoteControl.html
1	1	0	0	0	24639421	0	0	24639421	0	0	76518	/arq/font-awesome/fonts/fontawesome-webfont.eot?
1	31	0	0	0	24635119	0	0	24634824	0	0	113413	/arq/iCheck/icheck.min.js
1	0	0	0	1	0	0	24648136	0	0	24648136	0	/leads/77/49/images/img.jpg
1	1	0	0	0	24639414	0	0	24639414	0	0	19040	/leads/28/editelead
1	0	0	0	2	0	0	24645360	0	0	24643716	0	/password/email
1	0	0	0	1	0	0	24646389	0	0	24646389	0	/leads/36/images/img.jpg
1	8	0	0	0	24648741	0	0	24643716	0	0	28047	/password/reset
1	0	0	0	2	0	0	24645194	0	0	24645194	0	/index.php/images/usuario/img-person.png
1	141	0	0	4	24653459	0	24634827	24634833	0	24634824	660514	/build/js/custom.min.js
1	0	0	0	1	0	0	24647934	0	0	24647934	0	/admin
1	1	0	0	0	24646389	0	0	24646389	0	0	19339	/leads/36/editelead
1	1	0	0	0	24647971	0	0	24647971	0	0	18999	/leads/72/45/inativarleadhistorico
1	33	0	0	4	24635119	0	24634827	24634833	0	24634824	798951	/js/moment/moment.min.js
1	133	0	0	4	24653459	0	24634624	24634823	0	24633486	0	/favicon.ico
1	11	0	11	0	24653053	24653053	0	24634897	24637633	0	264	/robots.txt
1	0	0	0	1	0	0	24647970	0	0	24647970	0	/leads/70/43/images/img.jpg
1	3	0	0	0	24639410	0	0	24635019	0	0	65284	/leads/5/editelead
1	117	0	0	0	24653459	0	0	24634823	0	0	2470355	/arq/font-awesome/css/font-awesome.min.css
1	0	0	0	1	0	0	24647873	0	0	24647873	0	/leads/48/images/img.jpg
1	0	0	2	0	0	24650552	0	0	24641528	0	0	http://www.baidu.com/favicon.ico
1	0	0	1	0	0	24640989	0	0	24640989	0	0	/mysqladmin/scripts/setup.php
1	0	0	2	0	0	24641413	0	0	24638097	0	0	/MyAdmin/scripts/setup.php
1	31	0	0	0	24635119	0	0	24634824	0	0	40388	/arq/flot-spline/js/jquery.flot.spline.min.js
1	118	0	0	0	24653459	0	0	24634823	0	0	10423200	/arq/bootstrap/dist/css/bootstrap.min.css
1	0	0	0	1	0	0	24639415	0	0	24639415	0	/leads/28/images/img.jpg
1	2	0	0	0	24647971	0	0	24647615	0	0	38573	/leads/44/editelead
1	152	0	0	1	24650890	0	24634823	24634837	0	24634823	12579080	/css/app.css
1	6	0	0	0	24646344	0	0	24637498	0	0	452060	/arq/font-awesome/fonts/fontawesome-webfont.woff?v=4.6.3
1	0	0	24	5	0	24649417	24645163	0	24635071	24645161	0	/logout
1	9	0	0	0	24648955	0	0	24634827	0	0	4337552	/arq/bootstrap/dist/css/bootstrap.min.css.map
1	0	0	0	1	0	0	24647872	0	0	24647872	0	/leads/41/images/img.jpg
1	0	0	3	0	0	24653750	0	0	24638097	0	0	/phpmyadmin/scripts/setup.php
1	0	0	1	0	0	24639075	0	0	24639075	0	0	/cgi/common.cgi?123.201.24.233
1	1	0	0	0	24643398	0	0	24643398	0	0	13440	/leads?page=2
1	0	0	0	179	0	0	24649031	0	0	24634833	0	/leads/images/img.jpg
1	34	0	0	0	24635119	0	0	24634824	0	0	55992	/arq/bootstrap-progressbar/bootstrap-progressbar.min.js
1	1	0	0	0	24638896	0	0	24638896	0	0	19528	/leads/26/editelead
1	0	0	0	1	0	0	24646026	0	0	24646026	0	/loginHttp/DataLayCfg.xml
1	0	0	1	0	0	24648515	0	0	24648515	0	0	/etc/lib/pChart2/examples/imageMap/index.php?Action=ViewPHP&Script=../../../../../cnf/db.php
1	1	0	0	0	24647872	0	0	24647872	0	0	19006	/leads/68/41/inativarleadhistorico
1	4	0	0	0	24645101	0	0	24644645	0	0	80565	/leads/34/editelead
1	0	0	0	1	0	0	24636472	0	0	24636472	0	/cgi-bin/user/Config.cgi?.cab&action=get&category=Account.*
1	0	0	0	2	0	0	24644525	0	0	24643720	0	/leads/33/images/img.jpg
1	0	0	0	18	0	0	24647766	0	0	24635121	0	/apple-touch-icon-120x120.png
1	0	0	1	0	0	24640989	0	0	24640989	0	0	/phpadmin/scripts/setup.php
1	0	0	1	0	0	24641792	0	0	24641792	0	0	/blog/xmlrpc.php
1	1	0	0	0	24647971	0	0	24647971	0	0	19287	/leads/42/editelead
1	58	0	0	0	24653459	0	0	24637720	0	0	775204	/arq/bootstrap/dist/fonts/glyphicons-halflings-regular.woff2
1	0	0	0	1	0	0	24647971	0	0	24647971	0	/leads/45/images/img.jpg
1	142	0	5	2	24649417	24648955	24637729	24634833	24635070	24637729	3209816	/leads
1	0	0	1	0	0	24648534	0	0	24648534	0	0	/nagiosxi/login.php
1	2	0	0	0	24648136	0	0	24648081	0	0	38496	/leads/49/editelead
1	117	0	0	0	24653459	0	0	24634824	0	0	5604734	/arq/jquery.inputmask/dist/min/jquery.inputmask.bundle.min.js
1	167	167	642	0	24653459	24654817	0	24633486	24634771	0	1987600	/
1	1	0	0	0	24647971	0	0	24647971	0	0	18995	/leads/71/44/inativarleadhistorico
1	113	0	0	0	24653459	0	0	24634824	0	0	265120	/arq/Flot/jquery.flot.resize.js
1	0	0	1	1	0	24646024	24646025	0	24646024	24646025	0	/www/start.html
1	33	0	0	0	24635119	0	0	24634823	0	0	14904	/arq/jqvmap/dist/jqvmap.min.css
1	0	0	1	0	0	24640989	0	0	24640989	0	0	/mysql/scripts/setup.php
1	147	0	0	2	24653459	0	24634827	24634827	0	24634824	7160213	/build/css/custom.min.css
1	0	0	1	0	0	24636436	0	0	24636436	0	0	*
1	0	0	7	1	0	24649947	24634898	0	24637633	24634898	0	/sitemap.xml
1	112	0	0	0	24653459	0	0	24634824	0	0	560110	/arq/Flot/jquery.flot.stack.js
1	0	0	1	0	0	24650959	0	0	24650959	0	0	/HNAP1/
1	1	0	0	0	24648480	0	0	24648480	0	0	3259	/index.php/register
1	0	0	0	1	0	0	24647872	0	0	24647872	0	/leads/68/41/images/img.jpg
1	2	0	0	2	24633673	0	24633672	24633673	0	24633672	106	/EDC0235211FBE6D99B761E98C4BF93B6.txt
1	0	0	1	0	0	24652333	0	0	24652333	0	0	/x
1	0	0	1	0	0	24638402	0	0	24638402	0	0	http://37.48.94.6/proxychecker/check.cgi?action=getinfo
1	0	0	0	2	0	0	24648136	0	0	24648081	0	/leads/49/images/img.jpg
1	28	0	13	0	24649100	24649100	0	24635067	24635067	0	109082	/register
1	33	0	0	0	24635119	0	0	24634824	0	0	2965942	/arq/DateJS/build/date.js
1	1	0	0	0	24649307	0	0	24649307	0	0	19026	/leads/79/51/inativarleadhistorico
1	33	0	0	4	24635119	0	24634827	24634833	0	24634824	572462	/js/datepicker/daterangepicker.js
1	1	0	0	0	24648136	0	0	24648136	0	0	18968	/leads/77/49/inativarleadhistorico
1	1	0	0	0	24645364	0	0	24645364	0	0	152796	/arq/font-awesome/fonts/fontawesome-webfont.ttf?v=4.6.3
1	0	0	6	0	0	24652617	0	0	24635911	0	0	/stssys.htm
1	1	0	0	0	24635107	0	0	24635107	0	0	21521	/leads/8/editelead
1	106	0	0	0	24653459	0	0	24634824	0	0	5990113	/arq/font-awesome/fonts/fontawesome-webfont.woff2?v=4.6.3
1	31	0	0	0	24635119	0	0	24634824	0	0	410504	/arq/gauge.js/dist/gauge.min.js
1	0	0	1	0	0	24640989	0	0	24640989	0	0	/phpMyAdmin2/scripts/setup.php
1	1	0	0	0	24643207	0	0	24643207	0	0	19104	/leads/14/editelead
1	0	0	6	0	0	24641437	0	0	24637744	0	0	/phpMyAdmin/scripts/setup.php
1	4	0	0	1	24646389	0	24645017	24644646	0	24645017	649	/leads/salvarleadhistorico
1	113	0	0	0	24653459	0	0	24634824	0	0	929672	/arq/Flot/jquery.flot.time.js
1	113	0	0	0	24653459	0	0	24634824	0	0	1502975	/arq/skycons/skycons.js
1	142	0	0	1	24650890	0	24634823	24634837	0	24634823	29294831	/js/app.js
1	0	0	0	1	0	0	24647971	0	0	24647971	0	/leads/42/images/img.jpg
1	0	0	1	0	0	24641792	0	0	24641792	0	0	/wordpress/xmlrpc.php
1	1	1	0	0	24634623	0	0	24634623	0	0	203	/?91.199.212.132
1	0	0	4	0	0	24641961	0	0	24636082	0	0	/?125.227.18.111
1	31	0	0	0	24635119	0	0	24634824	0	0	375774	/arq/flot.curvedlines/curvedLines.js
1	0	0	4	0	0	24653459	0	0	24644801	0	0	/?78.130.149.203
1	0	0	2	0	0	24638176	0	0	24636917	0	0	/phpmyadmin/index.php
3	1	0	3	1	24635080	24650959	24650959	24635080	24644740	24650959	4559	http://173.44.46.117/
3	7	0	1	0	24635074	24635058	0	24635019	24635058	0	126661	http://www.proloconline.com.br/leads
3	4	0	1	1	24648042	24648042	24645360	24647999	24648042	24645360	417416	https://proloconline.com.br/password/reset
3	1	0	0	1	24647872	0	24647872	24647872	0	24647872	19006	https://proloconline.com.br/leads/41/editelead
3	120	18	38	0	24649176	24649100	0	24635049	24635049	0	10259611	https://www.proloconline.com.br/login
3	1	0	0	1	24649307	0	24649307	24649307	0	24649307	12405	https://proloconline.com.br/leads/79/51/inativarleadhistorico
3	0	0	0	1	0	0	24648136	0	0	24648136	0	https://proloconline.com.br/leads/77/49/inativarleadhistorico
3	1	0	0	1	24638882	0	24638882	24638882	0	24638882	35840	https://proloconline.com.br/leads/15/editelead
3	1	0	0	1	24647873	0	24647873	24647873	0	24647873	18958	https://proloconline.com.br/leads/48/editelead
3	134	5	1	0	24649101	24635266	0	24635049	24635266	0	3904698	https://www.proloconline.com.br/leads
3	1	1	1	0	24635067	24635067	0	24635067	24635067	0	12366	http://proloconline.com.br/register
3	5	1	5	0	24649100	24649100	0	24637498	24637498	0	28310	https://www.proloconline.com.br/register
3	1	0	0	2	24635029	0	24635027	24635029	0	24635019	16430	http://www.proloconline.com.br/leads/5/editelead
3	0	0	1	0	0	24638402	0	0	24638402	0	0	http://www.google.com/search?hl=ru&q=free+proxy+checker&sourceid=navclient-ff&ie=UTF-8
3	3	0	0	0	24645163	0	0	24645161	0	0	0	https://proloconline.com.br/logout
3	0	0	0	1	0	0	24643207	0	0	24643207	0	https://proloconline.com.br/leads/14/editelead
3	1	0	0	1	24647971	0	24647971	24647971	0	24647971	13377	https://proloconline.com.br/leads/69/42/inativarleadhistorico
3	376	50	75	4	24650890	24650890	24647863	24634823	24634823	24634823	28441908	https://proloconline.com.br/login
3	226	11	13	0	24649584	24649417	0	24634833	24634980	0	3220882	https://proloconline.com.br/leads
3	13	0	0	0	24645364	0	0	24645364	0	0	297982	https://proloconline.com.br/?longitude=&latitude=&src_mapa=&users_id=9
3	2	0	2	0	24647933	24647933	0	24647933	24647933	0	8154	https://www.google.com.br/
3	1	0	0	1	24647970	0	24647970	24647970	0	24647970	15315	https://proloconline.com.br/leads/70/43/inativarleadhistorico
3	5	0	0	0	24635070	0	0	24635024	0	0	359480	http://proloconline.com.br/arq/font-awesome/css/font-awesome.min.css
3	1	1	0	0	24633682	0	0	24633682	0	0	203	https://inovarloca.virtuaserver.com.br:2083/cpsess3224460952/frontend/paper_lantern/ssl/install.html
3	49	0	0	0	24653459	0	0	24637720	0	0	690460	https://proloconline.com.br/arq/bootstrap/dist/css/bootstrap.min.css
3	7	0	0	0	24648480	0	0	24648164	0	0	834064	https://proloconline.com.br/index.php/login
3	20	3	6	0	24635070	24635070	0	24635021	24635023	0	1506125	http://proloconline.com.br/login
3	281	15	33	89	24649033	24649033	24649031	24634854	24637720	24634833	6386345	https://proloconline.com.br/leads/novo
3	2	1	0	2	24647971	0	24647971	24647971	0	24647971	25648	https://proloconline.com.br/leads/72/45/inativarleadhistorico
3	37	0	0	0	24635070	0	0	24635024	0	0	126538	http://proloconline.com.br/leads
3	4	0	0	1	24639411	0	24639410	24639410	0	24639410	41097	https://proloconline.com.br/leads/5/editelead
3	69	0	0	0	24653459	0	0	24634824	0	0	4292129	https://proloconline.com.br/arq/font-awesome/css/font-awesome.min.css
3	105	0	1	3	24635068	24635070	24634624	24635024	24635070	24633486	3487460	http://proloconline.com.br/
3	0	0	0	1	0	0	24637499	0	0	24637499	0	https://www.proloconline.com.br/leads/9/editelead
3	627	3	4	0	24649101	24637732	0	24635049	24635122	0	14535505	https://www.proloconline.com.br/
3	1	0	0	2	24635107	0	24635107	24635107	0	24635106	21521	https://www.proloconline.com.br/leads/salvarlead
3	1	0	0	1	24639415	0	24639415	24639415	0	24639415	42141	https://proloconline.com.br/leads/28/editelead
3	1	0	0	1	24647971	0	24647971	24647971	0	24647971	18999	https://proloconline.com.br/leads/45/editelead
3	12	0	0	0	24649100	0	0	24635049	0	0	790856	https://www.proloconline.com.br/arq/font-awesome/css/font-awesome.min.css
3	8	0	2	11	24635076	24635076	24635070	24635061	24635076	24635024	6975	http://proloconline.com.br/leads/novo
3	1	0	0	1	24647874	0	24647873	24647874	0	24647873	16280	https://proloconline.com.br/leads/76/48/inativarleadhistorico
3	15	0	0	2	24645194	0	24645194	24645194	0	24645194	635838	https://proloconline.com.br/index.php
3	3	2	0	1	24646462	0	24646389	24646389	0	24646389	26681	https://proloconline.com.br/leads/36/editelead
3	1	0	0	0	24649100	0	0	24649100	0	0	18028	https://www.proloconline.com.br/arq/bootstrap/dist/css/bootstrap.min.css
3	0	0	0	1	0	0	24635107	0	0	24635107	0	https://www.proloconline.com.br/leads/8/editelead
3	120	0	15	16	24635073	24635074	24635074	24635019	24635019	24635019	2796411	http://www.proloconline.com.br/leads/novo
3	1	0	0	0	24647920	0	0	24647920	0	0	4077	http://www.google.com/url?sa=t&rct=j&q=&esrc=s&source=web&cd=1&ved=0CCEQFjAB&url=https://proloconline.com.br/login&ei=96IkWKrbDJfE4ATRaA&usg=AFQjCNEnizzzHs-AwIFzyn8K-ovr2KiLug
3	1	0	0	2	24647971	0	24647971	24647971	0	24647615	18995	https://proloconline.com.br/leads/44/editelead
3	0	0	0	1	0	0	24643716	0	0	24643716	0	https://www.proloconline.com.br/password/reset
3	1	1	0	1	24647873	0	24647872	24647873	0	24647872	13243	https://proloconline.com.br/leads/68/41/inativarleadhistorico
3	3	0	0	0	24645367	0	0	24645366	0	0	120206	https://www.proloconline.com.br/?longitude=&latitude=&src_mapa=&users_id=4
3	1	0	0	1	24638896	0	24638896	24638896	0	24638896	35840	https://proloconline.com.br/leads/26/editelead
3	999	3	16	22	24653460	24647873	24645163	24634823	24637713	24634623	28847822	https://proloconline.com.br/
3	7	0	0	2	24647872	0	24637721	24637720	0	24637720	70780	https://proloconline.com.br/leads/salvarlead
3	1	0	0	1	24647970	0	24647970	24647970	0	24647970	19000	https://proloconline.com.br/leads/43/editelead
3	231	5	27	65	24645369	24645369	24645367	24635072	24635075	24635049	4328208	https://www.proloconline.com.br/leads/novo
3	1	0	2	0	24652209	24652209	0	24652209	24652209	0	4186	http://173.44.46.117/phpmyadmin
3	0	0	0	2	0	0	24644525	0	0	24643720	0	https://www.proloconline.com.br/leads/33/editelead
3	3	0	0	0	24647934	0	0	24647934	0	0	413339	https://www.proloconline.com.br/index.php/login
3	22	1	0	5	24645101	0	24645101	24644646	0	24644645	643740	https://proloconline.com.br/leads/34/editelead
3	1	0	0	1	24649307	0	24649307	24649307	0	24649307	19026	https://proloconline.com.br/leads/51/editelead
3	1	0	0	1	24647971	0	24647971	24647971	0	24647971	14345	https://proloconline.com.br/leads/71/44/inativarleadhistorico
3	1	0	0	1	24647971	0	24647971	24647971	0	24647971	19007	https://proloconline.com.br/leads/42/editelead
3	27	9	8	0	24648003	24648002	0	24637713	24637713	0	546641	https://proloconline.com.br/register
3	13	2	5	0	24635072	24635072	0	24635018	24635018	0	1696634	http://www.proloconline.com.br/login
3	75	0	2	0	24635074	24635071	0	24635018	24635071	0	2557310	http://www.proloconline.com.br/
3	1	0	0	0	24647920	0	0	24647920	0	0	4077	http://www.google.com/url?sa=t&rct=j&q=&esrc=s&source=web&cd=1&ved=0CCEQFjAD&url=https://proloconline.com.br/login&ei=-aIkWOL2BPvOyAHkHQ&usg=AFQjCNEnizzzHs-AwIFzyn8K-ovr2KiLug
3	1	0	0	1	24635027	0	24635026	24635027	0	24635026	22589	http://www.proloconline.com.br/leads/salvarlead
3	2	0	1	2	24648955	24648955	24648136	24648136	24648955	24648081	23045	https://proloconline.com.br/leads/49/editelead
3	1	1	0	0	24643398	0	0	24643398	0	0	12367	https://proloconline.com.br/leads?page=2
4	5	0	3	0	24647978	24647978	0	24647978	24647978	0	421493	Mozilla/5.0 (Macintosh; Intel Mac OS X 10_11_6) AppleWebKit/537.36 (KHTML, like Gecko) Chrome/54.0.2840.87 Safari/537.36
4	0	0	3	0	0	24651988	0	0	24637566	0	0	masscan/1.0 (https://github.com/robertdavidgraham/masscan)
4	0	0	2	0	0	24650552	0	0	24641528	0	0	Mozilla/5.0 (Macintosh; Intel Mac OS X 10_11_6) AppleWebKit/537.36 (KHTML, like Gecko) Chrome/53.0.2785.116 Safari/537.36
4	0	0	2	0	0	24654720	0	0	24653063	0	0	Mozilla/5.0 (Macintosh; Intel Mac OS X 10.11; rv:47.0) Gecko/20100101 Firefox/47.0
4	0	0	2	2	0	24653663	24653663	0	24638794	24638794	0	python-requests/2.11.1
4	0	0	2	0	0	24646899	0	0	24646386	0	0	Mozilla/5.0 (Macintosh; Intel Mac OS X 10_11_5) AppleWebKit/537.36 (KHTML, like Gecko) Chrome/50.0.2661.102 Safari/537.36
4	7	0	4	0	24648042	24648042	0	24648042	24648042	0	429062	Mozilla/5.0 (Windows NT 6.3; WOW64) AppleWebKit/537.36 (KHTML, like Gecko) Chrome/54.0.2840.71 Safari/537.36
4	8	0	7	0	24645365	24645365	0	24645358	24645358	0	434540	Mozilla/5.0 (Linux; Android 5.1; XT1033 Build/LPBS23.13-56-2) AppleWebKit/537.36 (KHTML, like Gecko) Chrome/54.0.2840.68 Mobile Safari/537.36
4	3	0	0	0	24647920	0	0	24647920	0	0	417416	Mozilla/5.0 (Windows NT 6.1; Win64; x64) AppleWebKit/537.36 (KHTML, like Gecko) Chrome/53.0.2785.116 Safari/537.36
4	29	1	2	2	24649584	24648135	24648136	24648135	24648135	24648136	1235293	Mozilla/5.0 (Linux; Android 5.0; ASUS_Z00AD Build/LRX21V) AppleWebKit/537.36 (KHTML, like Gecko) Chrome/54.0.2840.85 Mobile Safari/537.36
4	21	0	289	0	24653053	24654741	0	24646214	24635044	0	570381	Mozilla/5.0 (compatible; Googlebot/2.1; +http://www.google.com/bot.html)
4	303	7	29	25	24635266	24635266	24635119	24635018	24635018	24635019	7527013	Mozilla/5.0 (iPhone; CPU iPhone OS 10_0_2 like Mac OS X) AppleWebKit/602.1.50 (KHTML, like Gecko) CriOS/54.0.2840.66 Mobile/14A456 Safari/602.1
4	27	2	4	1	24645369	24645369	24645367	24645363	24645363	24645367	1312819	Mozilla/5.0 (iPhone; CPU iPhone OS 10_1_1 like Mac OS X) AppleWebKit/602.2.14 (KHTML, like Gecko) Version/10.0 Mobile/14B100 Safari/602.1
4	9	0	5	0	24646268	24646268	0	24645357	24645357	0	429299	Mozilla/5.0 (Linux; Android 6.0; XT1068 Build/MPB24.65-34-3) AppleWebKit/537.36 (KHTML, like Gecko) Chrome/54.0.2840.68 Mobile Safari/537.36
4	80	5	20	1	24649101	24649100	24645360	24645357	24645357	24645360	3396311	Mozilla/5.0 (Windows NT 6.1; WOW64) AppleWebKit/537.36 (KHTML, like Gecko) Chrome/54.0.2840.71 Safari/537.36
4	0	0	2	0	0	24648944	0	0	24648944	0	0	Mozilla/5.0 (compatible; Nmap Scripting Engine; http://nmap.org/book/nse.html)
4	1	1	0	0	24633682	0	0	24633682	0	0	203	Mozilla/5.0 (X11; Ubuntu; Linux x86_64; rv:49.0) Gecko/20100101 Firefox/49.0
4	1	0	0	2	24633673	0	24633672	24633673	0	24633672	53	COMODO DCV
4	7	0	4	0	24647934	24647934	0	24647933	24647933	0	429647	Mozilla/5.0 (X11; Linux x86_64) AppleWebKit/537.36 (KHTML, like Gecko) Chrome/54.0.2840.90 Safari/537.36
4	36	3	9	3	24647874	24647874	24647860	24647859	24647859	24647860	1678183	Mozilla/5.0 (Windows NT 10.0; WOW64; rv:49.0) Gecko/20100101 Firefox/49.0
4	853	49	89	60	24649417	24649417	24649307	24635075	24635075	24638882	28698630	Mozilla/5.0 (Windows NT 10.0; WOW64) AppleWebKit/537.36 (KHTML, like Gecko) Chrome/54.0.2840.71 Safari/537.36
4	0	0	2	0	0	24654731	0	0	24645183	0	0	curl/7.19.7 (x86_64-redhat-linux-gnu) libcurl/7.19.7 NSS/3.21 Basic ECC zlib/1.2.3 libidn/1.18 libssh2/1.4.2
4	0	0	1	0	0	24652333	0	0	24652333	0	0	Telesphoreo
4	4	0	2	0	24648128	24648128	0	24648128	24648128	0	417416	Mozilla/5.0 (Linux; Android 6.0; XT1097 Build/MPES24.49-18-7) AppleWebKit/537.36 (KHTML, like Gecko) Chrome/54.0.2840.85 Mobile Safari/537.36
4	3	0	7	0	24649251	24649999	0	24635080	24635080	0	13257	Mozilla/5.0 zgrab/0.x
4	4	0	0	72	24645200	0	24647766	24637732	0	24635121	0	MobileSafari/602.1 CFNetwork/808.0.2 Darwin/16.0.0
4	1	0	8	0	24634897	24649947	0	24634897	24634897	0	4559	Mozilla/5.0 (Windows NT 6.1) AppleWebKit/537.36 (KHTML, like Gecko) Chrome/41.0.2228.0 Safari/537.36
4	0	0	2	0	0	24643561	0	0	24643205	0	0	Mozilla/5.0
4	1	0	0	0	24633673	0	0	24633673	0	0	53	ELinks/0.12pre6 (textmode; Linux; 237x64-2)
4	0	0	29	0	0	24652618	0	0	24635911	0	0	Wget(linux)
4	70	3	10	1	24646344	24646344	24637499	24637496	24637496	24637499	2812045	Mozilla/5.0 (Macintosh; Intel Mac OS X 10_10_5) AppleWebKit/602.1.50 (KHTML, like Gecko) Version/10.0 Safari/602.1.50
4	0	0	2	0	0	24647227	0	0	24636863	0	0	Mozilla/5.0 (Windows NT 6.1; rv:31.0) Gecko/20100101 Firefox/31.0
4	0	0	2	0	0	24651988	0	0	24637855	0	0	Mozilla/4.0 (compatible; MSIE 6.0; Windows NT 5.0)
4	644	15	27	50	24639408	24639407	24639408	24633486	24634823	24633486	22371068	Mozilla/5.0 (Windows NT 10.0; WOW64) AppleWebKit/537.36 (KHTML, like Gecko) Chrome/53.0.2785.143 Safari/537.36
4	11	0	3	0	24648480	24648480	0	24648480	24648480	0	437133	Mozilla/5.0 (X11; Ubuntu; Linux x86_64; rv:46.0) Gecko/20100101 Firefox/46.0
4	1	0	2	0	24654730	24654730	0	24654730	24654730	0	4166	Mozilla/5.0 (Macintosh; U; Intel Mac OS X 10.5; en-US; rv:1.9.2.13) Gecko/20101203 Firefox/3.6.13 GTB7.1
4	0	0	1	0	0	24636276	0	0	24636276	0	0	Opera/9.80 (X11; Linux x86_64) Presto/2.12.388 Version/12.16
4	0	0	7	0	0	24653659	0	0	24634771	0	0	Mozilla/5.0 (Windows NT 10.0; WOW64) AppleWebKit/537.36 (KHTML, like Gecko) Chrome/45.0.2454.101 Safari/537.36
4	457	13	55	28	24649033	24649033	24649031	24635021	24635021	24635024	17490305	Mozilla/5.0 (Linux; Android 5.1.1; SM-J105B Build/LMY47V) AppleWebKit/537.36 (KHTML, like Gecko) Chrome/54.0.2840.68 Mobile Safari/537.36
4	11	0	4	2	24647999	24647934	24647934	24647934	24647934	24647934	846068	Mozilla/5.0 (X11; Linux x86_64) AppleWebKit/537.36 (KHTML, like Gecko) Chrome/50.0.2661.86 Safari/537.36
4	2	0	0	0	24646829	0	0	24636716	0	0	48	CSS Certificate Spider (http://www.css-security.com/certificatespider/)
4	1	0	5	6	24646025	24646025	24646026	24646025	24646023	24646025	4589	Mozilla/5.0 (compatible; MSIE 9.0; Windows NT 6.1; WOW64; Trident/5.0)
4	0	0	1	0	0	24638402	0	0	24638402	0	0	Mozilla/4.0 (compatible; MSIE 6.0; Windows NT 5.1; SV1)
4	314	13	34	13	24653460	24653459	24647934	24634623	24634837	24634623	10444108	Mozilla/5.0 (Windows NT 10.0; Win64; x64) AppleWebKit/537.36 (KHTML, like Gecko) Chrome/54.0.2840.71 Safari/537.36
4	0	0	2	0	0	24651734	0	0	24651703	0	0	Mozilla/3.0 (compatible; Indy Library)
4	57	4	5	3	24647968	24647953	24647964	24647947	24647947	24647955	1291623	Mozilla/5.0 (Macintosh; Intel Mac OS X 10_12_1) AppleWebKit/537.36 (KHTML, like Gecko) Chrome/54.0.2840.71 Safari/537.36
4	1	0	2	0	24652209	24652209	0	24652209	24652209	0	4186	Mozilla/4.0 (compatible; MSIE 9.0; Windows NT 6.1)
4	1	1	0	0	24634536	0	0	24634536	0	0	203	facebookexternalhit/1.1 (+http://www.facebook.com/externalhit_uatext.php)
4	1	0	3	1	24650959	24650959	24650959	24650959	24650959	24650959	4136	Mozilla/5.0 (Windows NT 5.1; rv:9.0.1) Gecko/20100101 Firefox/9.0.1
4	0	0	1	0	0	24653390	0	0	24653390	0	0	curl/7.29.0
4	3	0	0	0	24647920	0	0	24647920	0	0	417416	Mozilla/5.0 (Windows NT 10.0; WOW64) AppleWebKit/537.36 (KHTML, like Gecko) Chrome/53.0.2785.116 Safari/537.36
4	7	0	2	0	24647943	24647934	0	24647934	24647934	0	421583	Mozilla/5.0 (Windows NT 6.3; WOW64) AppleWebKit/537.36 (KHTML, like Gecko) Chrome/53.0.2785.143 Safari/537.36
4	34	3	5	1	24639423	24639422	24639423	24639419	24639419	24639423	1487771	Mozilla/5.0 (Mobile; Windows Phone 8.1; Android 4.0; ARM; Trident/7.0; Touch; rv:11.0; IEMobile/11.0; Microsoft; RM-1114) like iPhone OS 7_0_3 Mac OS X AppleWebKit/537 (KHTML, like Gecko) Mobile Safari/537
4	0	0	1	0	0	24639488	0	0	24639488	0	0	Mozilla/5.0 (Windows NT 5.1; rv:5.0) Gecko/20100101 Firefox/5.0
4	0	0	1	0	0	24643262	0	0	24643262	0	0	Mozilla/5.0 (Windows NT 6.3; WOW64) AppleWebKit/537.36 (KHTML, like Gecko) Chrome/45.0.2454.101 Safari/537.36
4	24	2	4	10	24645378	24645378	24645379	24645375	24645375	24645376	1197978	Mozilla/5.0 (Linux; Android 4.1.2; LT22i Build/6.2.A.1.100) AppleWebKit/535.19 (KHTML, like Gecko) Chrome/18.0.1025.166 Mobile Safari/535.19
4	0	0	5	0	0	24653745	0	0	24634821	0	0	Scanbot
4	1	0	13	0	24650232	24654817	0	24650232	24636690	0	4146	curl/7.17.1 (mips-unknown-linux-gnu) libcurl/7.17.1 OpenSSL/0.9.8i zlib/1.2.3
4	4	0	4	0	24650989	24650988	0	24637702	24637702	0	17826	Mozilla/5.0 (X11; Linux x86_64) AppleWebKit/537.36 (KHTML, like Gecko) Chrome/34.0.1847.137 Safari/537.36
4	0	0	71	0	0	24654759	0	0	24645868	0	0	Mozilla/4.0 (compatible; MSIE 8.0; Windows NT 6.1; Trident/4.0; SLCC2; .NET CLR 2.0.50727; .NET CLR 3.5.30729; .NET CLR 3.0.30729; Media Center PC 6.0)
4	0	0	4	0	0	24641792	0	0	24641792	0	0	PycURL/7.19.7
4	55	9	5	4	24648006	24648006	24648005	24648001	24648001	24648004	1402447	Mozilla/5.0 (X11; Linux x86_64) AppleWebKit/537.36 (KHTML, like Gecko) Chrome/54.0.2840.71 Safari/537.36
4	406	26	50	42	24647766	24647766	24645363	24635022	24635022	24635023	9222401	Mozilla/5.0 (iPhone; CPU iPhone OS 10_0_2 like Mac OS X) AppleWebKit/602.1.50 (KHTML, like Gecko) Version/10.0 Mobile/14A456 Safari/602.1
4	3	0	2	0	24646607	24646607	0	24646607	24646606	0	416981	Mozilla/5.0 (Linux; Android 5.1.1; SAMSUNG SM-J105B Build/LMY47V) AppleWebKit/537.36 (KHTML, like Gecko) SamsungBrowser/3.5 Chrome/38.0.2125.102 Mobile Safari/537.36
4	3	0	2	0	24638503	24638503	0	24638503	24638503	0	415013	Mozilla/5.0 (Windows; U; Windows NT 6.2; en-US; Valve Steam GameOverlay/1476379980; ) AppleWebKit/537.36 (KHTML, like Gecko) Chrome/49.0.2623.110 Safari/537.36
4	1	0	2	0	24641961	24641961	0	24641961	24641961	0	4562	Mozilla/5.0 (Windows NT 6.1; WOW64; rv:33.0) Gecko/20100101 Firefox/33.0
4	1	0	0	0	24645197	0	0	24645197	0	0	4754	WhatsApp/2.16.310 A
4	386	12	33	23	24647858	24647858	24647857	24635049	24635049	24635049	10602966	Mozilla/5.0 (Linux; Android 5.0; ASUS_Z00AD Build/LRX21V) AppleWebKit/537.36 (KHTML, like Gecko) Chrome/54.0.2840.68 Mobile Safari/537.36
4	2	0	4	0	24644599	24644599	0	24642733	24642733	0	9124	Mozilla/5.0 (Windows NT 6.1; WOW64; rv:46.0) Gecko/20100101 Firefox/46.0
5	0	0	1	0	0	24646167	0	0	24646167	0	0	177.105.132.244
5	0	0	1	0	0	24640968	0	0	24640968	0	0	122.173.0.84
5	0	0	1	0	0	24636427	0	0	24636427	0	0	118.163.116.97
5	1	0	0	0	24650534	0	0	24650534	0	0	119080	66.249.64.68
5	0	0	6	0	0	24638347	0	0	24638347	0	0	66.229.193.41
5	0	0	1	0	0	24645925	0	0	24645925	0	0	118.69.32.99
5	0	0	1	0	0	24635566	0	0	24635566	0	0	27.74.33.67
5	0	0	1	0	0	24635976	0	0	24635976	0	0	197.50.74.163
5	0	0	3	0	0	24649120	0	0	24649120	0	0	104.148.75.122
5	0	0	2	0	0	24646268	0	0	24645357	0	0	66.249.85.28
5	0	0	1	0	0	24635557	0	0	24635557	0	0	86.137.98.96
5	0	0	1	0	0	24643511	0	0	24643511	0	0	81.218.153.22
5	0	0	1	0	0	24650552	0	0	24650552	0	0	180.150.178.125
5	48	4	1	3	24647968	24647953	24647964	24647951	24647953	24647955	862824	177.54.150.26
5	0	0	1	0	0	24637264	0	0	24637264	0	0	162.196.250.59
5	2	0	1	0	24646219	24646214	0	24646214	24646214	0	3516	66.249.65.124
5	0	0	1	0	0	24635183	0	0	24635183	0	0	113.61.220.93
5	0	0	1	0	0	24638256	0	0	24638256	0	0	79.1.15.193
5	0	0	1	0	0	24647231	0	0	24647231	0	0	175.143.188.237
5	0	0	1	0	0	24643439	0	0	24643439	0	0	210.186.250.34
5	0	0	1	0	0	24639331	0	0	24639331	0	0	109.154.125.12
5	0	0	1	0	0	24644094	0	0	24644094	0	0	167.58.25.211
5	0	0	4	0	0	24641792	0	0	24641792	0	0	191.96.249.112
5	0	0	1	0	0	24646214	0	0	24646214	0	0	66.249.65.114
5	0	0	1	0	0	24654741	0	0	24654741	0	0	220.135.68.152
5	0	0	2	0	0	24653698	0	0	24638781	0	0	95.68.184.108
5	0	0	1	0	0	24650304	0	0	24650304	0	0	184.105.247.196
5	4	0	6	3	24644469	24644469	24644469	24634897	24634897	24634898	13709	198.20.69.74
5	0	0	1	0	0	24646214	0	0	24646214	0	0	66.249.65.106
5	0	0	1	0	0	24635652	0	0	24635652	0	0	115.135.40.65
5	0	0	1	0	0	24648464	0	0	24648464	0	0	169.0.206.41
5	2	0	0	0	24646829	0	0	24636716	0	0	48	137.116.71.170
5	0	0	3	0	0	24638118	0	0	24638117	0	0	82.221.105.6
5	0	0	1	0	0	24639722	0	0	24639722	0	0	113.182.142.127
5	0	0	2	0	0	24654731	0	0	24645183	0	0	195.154.189.212
5	0	0	1	0	0	24635996	0	0	24635996	0	0	117.215.250.58
5	0	0	1	0	0	24654817	0	0	24654817	0	0	201.8.15.98
5	24	1	1	1	24647495	24647494	24647495	24647494	24647494	24647495	904707	181.222.223.199
5	18	1	1	4	24647766	24647766	24647766	24647766	24647766	24647766	13348	187.81.240.235
5	0	0	7	0	0	24653659	0	0	24634771	0	0	139.162.13.205
5	0	0	1	0	0	24637668	0	0	24637668	0	0	123.63.194.179
5	0	0	1	0	0	24635044	0	0	24635044	0	0	108.190.36.110
5	0	0	3	0	0	24654662	0	0	24654662	0	0	23.247.27.115
5	0	0	1	0	0	24648515	0	0	24648515	0	0	176.31.61.216
5	0	0	1	0	0	24636634	0	0	24636634	0	0	1.34.19.35
5	0	0	1	0	0	24651981	0	0	24651981	0	0	190.15.204.190
5	2	0	0	1	24635065	0	24635065	24635065	0	24635065	36674	177.191.89.184
5	28	1	2	2	24648137	24648135	24648136	24648135	24648135	24648136	1235293	191.54.210.149
5	0	0	1	0	0	24636903	0	0	24636903	0	0	79.79.48.10
5	0	0	2	0	0	24646243	0	0	24646243	0	0	23.247.27.107
5	0	0	1	0	0	24636853	0	0	24636853	0	0	213.8.82.201
5	0	0	1	0	0	24649999	0	0	24649999	0	0	178.162.205.27
5	0	0	1	0	0	24635724	0	0	24635724	0	0	60.50.144.5
5	110	12	11	13	24643720	24643717	24643720	24643194	24643203	24643206	3033582	186.210.206.132
5	26	2	2	5	24645271	24645268	24645270	24645268	24645268	24645268	1206926	189.41.136.140
5	11	0	3	0	24648480	24648480	0	24648480	24648480	0	437133	187.6.113.54
5	0	0	1	0	0	24635868	0	0	24635868	0	0	122.116.96.105
5	0	0	2	0	0	24649637	0	0	24649637	0	0	190.83.254.81
5	0	0	1	0	0	24648385	0	0	24648385	0	0	122.163.118.242
5	0	0	1	0	0	24638402	0	0	24638402	0	0	37.48.94.6
5	0	0	1	0	0	24637805	0	0	24637805	0	0	73.177.26.22
5	0	0	1	0	0	24635594	0	0	24635594	0	0	79.58.92.164
5	0	0	2	0	0	24651214	0	0	24651214	0	0	191.243.64.12
5	7	0	4	0	24648042	24648042	0	24648042	24648042	0	429062	187.183.32.195
5	1	0	1	0	24635080	24635080	0	24635080	24635080	0	4559	141.212.122.80
5	0	0	3	0	0	24653954	0	0	24653954	0	0	23.247.88.67
5	24	1	6	0	24637735	24637733	0	24637629	24637629	0	1598730	179.237.152.28
5	0	0	1	0	0	24636336	0	0	24636336	0	0	189.173.94.148
5	0	0	1	0	0	24635794	0	0	24635794	0	0	79.20.196.227
5	0	0	1	0	0	24636709	0	0	24636709	0	0	79.3.96.155
5	0	0	0	1	0	0	24636472	0	0	24636472	0	116.193.152.124
5	0	0	1	0	0	24635423	0	0	24635423	0	0	187.163.190.187
5	44	2	4	0	24653460	24653459	0	24649584	24650890	0	1171330	168.194.192.2
5	0	0	1	0	0	24638610	0	0	24638610	0	0	85.120.79.101
5	1	0	2	0	24652209	24652209	0	24652209	24652209	0	4186	221.4.220.93
5	0	0	1	0	0	24652976	0	0	24652976	0	0	220.135.230.124
5	0	0	1	0	0	24636516	0	0	24636516	0	0	1.34.27.15
5	0	0	1	0	0	24641559	0	0	24641559	0	0	78.172.143.122
5	0	0	1	0	0	24651514	0	0	24651514	0	0	220.133.22.86
5	1	0	2	0	24642733	24642733	0	24642733	24642733	0	4562	212.92.127.201
5	0	0	1	0	0	24635047	0	0	24635047	0	0	190.144.176.2
5	0	0	1	0	0	24652292	0	0	24652292	0	0	138.255.148.231
5	0	0	1	0	0	24636533	0	0	24636533	0	0	116.102.68.179
5	1	0	2	0	24649251	24649251	0	24649251	24649251	0	4136	141.212.122.64
5	39	1	4	6	24637634	24637634	24637634	24637632	24637632	24637633	121700	189.104.199.51
5	0	0	1	0	0	24635486	0	0	24635486	0	0	91.93.58.31
5	0	0	1	0	0	24635170	0	0	24635170	0	0	192.116.49.149
5	0	0	3	0	0	24637747	0	0	24637744	0	0	121.197.10.89
5	0	0	1	0	0	24654028	0	0	24654028	0	0	125.21.196.182
5	0	0	2	0	0	24648609	0	0	24643310	0	0	74.82.47.4
5	0	0	6	0	0	24638097	0	0	24638097	0	0	212.129.52.211
5	1	1	3	0	24634430	24653460	0	24634430	24636094	0	203	74.82.47.3
5	0	0	1	0	0	24639849	0	0	24639849	0	0	82.114.86.91
5	0	0	1	0	0	24635779	0	0	24635779	0	0	5.102.211.101
5	1	0	2	0	24644599	24644599	0	24644599	24644599	0	4562	212.92.127.172
5	0	0	1	0	0	24643908	0	0	24643908	0	0	79.43.8.58
5	0	0	1	0	0	24635575	0	0	24635575	0	0	78.182.38.186
5	0	0	1	0	0	24638176	0	0	24638176	0	0	60.165.34.47
5	0	0	1	0	0	24639448	0	0	24639448	0	0	73.1.250.73
5	0	0	3	0	0	24650821	0	0	24650821	0	0	173.208.207.130
5	0	0	0	1	0	0	24636035	0	0	24636035	0	169.229.3.91
5	0	0	1	0	0	24653049	0	0	24653049	0	0	185.39.75.47
5	0	0	1	0	0	24636105	0	0	24636105	0	0	177.191.36.175
5	0	0	5	0	0	24653745	0	0	24634821	0	0	46.172.91.20
5	0	0	1	0	0	24637054	0	0	24637054	0	0	220.133.157.77
5	0	0	1	0	0	24653750	0	0	24653750	0	0	64.16.214.100
5	0	0	1	0	0	24635589	0	0	24635589	0	0	50.152.187.165
5	0	0	1	0	0	24644680	0	0	24644680	0	0	220.133.0.15
5	0	0	1	0	0	24645659	0	0	24645659	0	0	107.131.121.43
5	62	2	5	2	24645357	24645357	24645312	24645290	24645290	24645290	1579893	186.210.98.32
5	0	0	1	0	0	24641961	0	0	24641961	0	0	104.236.222.79
5	0	0	1	0	0	24635312	0	0	24635312	0	0	65.95.118.177
5	0	0	1	0	0	24636422	0	0	24636422	0	0	180.97.106.37
5	0	0	1	0	0	24643561	0	0	24643561	0	0	104.193.254.220
5	24	1	2	1	24649033	24649033	24649031	24649030	24649030	24649031	60382	181.222.212.201
5	0	0	1	0	0	24635198	0	0	24635198	0	0	175.143.154.249
5	0	0	1	0	0	24636323	0	0	24636323	0	0	1.34.181.65
5	11	0	4	2	24647999	24647934	24647934	24647934	24647934	24647934	846068	187.127.73.53
5	0	0	3	0	0	24654054	0	0	24654054	0	0	23.247.88.10
5	0	0	1	0	0	24638088	0	0	24638088	0	0	201.77.118.242
5	0	0	1	0	0	24635547	0	0	24635547	0	0	219.85.83.194
5	0	0	3	0	0	24636015	0	0	24636014	0	0	60.251.228.206
5	0	0	1	0	0	24635727	0	0	24635727	0	0	73.141.227.177
5	0	0	1	0	0	24651988	0	0	24651988	0	0	212.92.127.143
5	0	0	5	0	0	24645637	0	0	24645637	0	0	187.39.95.69
5	0	0	1	0	0	24635235	0	0	24635235	0	0	89.242.13.228
5	0	0	1	0	0	24636179	0	0	24636179	0	0	116.109.72.93
5	0	0	1	0	0	24638315	0	0	24638315	0	0	93.107.166.95
5	1	0	2	0	24644740	24644740	0	24644740	24644740	0	4562	141.212.122.16
5	0	0	2	0	0	24643262	0	0	24643254	0	0	61.216.2.13
5	3	0	1	2	24647615	24647601	24647615	24647600	24647601	24647600	64591	179.66.64.96
5	0	0	5	0	0	24635497	0	0	24635496	0	0	172.249.79.178
5	0	0	1	0	0	24635110	0	0	24635110	0	0	72.27.95.89
5	0	0	1	0	0	24639670	0	0	24639670	0	0	190.83.224.4
5	0	0	3	0	0	24650795	0	0	24650795	0	0	23.247.88.123
5	0	0	1	0	0	24635210	0	0	24635210	0	0	123.195.152.110
5	0	0	2	0	0	24651734	0	0	24651703	0	0	211.144.157.50
5	0	0	1	0	0	24635075	0	0	24635075	0	0	46.50.31.56
5	0	0	1	0	0	24635865	0	0	24635865	0	0	89.216.113.52
5	0	0	1	0	0	24650756	0	0	24650756	0	0	181.49.129.201
5	0	0	3	0	0	24640986	0	0	24640986	0	0	185.93.71.188
5	39	1	9	0	24646061	24646029	0	24646020	24646022	0	1500061	179.237.22.242
5	0	0	1	0	0	24637145	0	0	24637145	0	0	220.128.243.98
5	0	0	2	0	0	24641005	0	0	24637134	0	0	47.151.21.138
5	0	0	3	0	0	24654759	0	0	24654759	0	0	69.30.226.220
5	0	0	1	0	0	24637651	0	0	24637651	0	0	67.53.232.126
5	12	3	5	18	24637853	24637853	24637853	24637802	24637805	24637802	247759	187.82.111.70
5	1	1	0	0	24634536	0	0	24634536	0	0	203	173.252.123.136
5	0	0	3	0	0	24654753	0	0	24654753	0	0	23.247.88.107
5	0	0	1	0	0	24641961	0	0	24641961	0	0	162.243.5.155
5	0	0	1	0	0	24635630	0	0	24635630	0	0	185.49.59.98
5	0	0	1	0	0	24653024	0	0	24653024	0	0	77.69.207.164
5	0	0	3	0	0	24647516	0	0	24647516	0	0	23.247.88.106
5	0	0	1	0	0	24647746	0	0	24647746	0	0	76.108.241.192
5	1	0	4	0	24650989	24650988	0	24650989	24649947	0	4136	66.240.236.119
5	0	0	1	0	0	24635397	0	0	24635397	0	0	173.209.174.59
5	0	0	1	0	0	24637855	0	0	24637855	0	0	118.193.241.207
5	0	0	1	0	0	24650321	0	0	24650321	0	0	213.128.81.66
5	0	0	1	0	0	24645870	0	0	24645870	0	0	62.210.181.161
5	0	0	1	0	0	24636182	0	0	24636182	0	0	73.200.40.48
5	0	0	1	0	0	24635485	0	0	24635485	0	0	37.142.119.205
5	0	0	1	0	0	24635130	0	0	24635130	0	0	181.188.11.140
5	1	0	2	0	24650232	24650232	0	24650232	24650232	0	4146	94.42.112.10
5	0	0	1	0	0	24636531	0	0	24636531	0	0	61.227.242.123
5	0	0	1	0	0	24636961	0	0	24636961	0	0	68.81.102.34
5	0	0	2	0	0	24653053	0	0	24653053	0	0	66.249.79.166
5	3	0	1	0	24641794	24641794	0	24641794	24641794	0	415031	189.41.138.93
5	0	0	1	0	0	24642771	0	0	24642771	0	0	121.121.92.182
5	1	1	0	0	24633682	0	0	24633682	0	0	203	179.34.48.98
5	1	0	0	0	24633673	0	0	24633673	0	0	53	173.44.46.116
5	0	0	6	0	0	24641413	0	0	24641413	0	0	198.167.136.179
5	0	0	1	0	0	24637355	0	0	24637355	0	0	41.177.23.100
5	0	0	1	0	0	24636618	0	0	24636618	0	0	98.195.186.12
5	0	0	1	0	0	24635486	0	0	24635486	0	0	78.10.175.202
5	0	0	1	0	0	24636690	0	0	24636690	0	0	88.148.84.25
5	0	0	1	0	0	24635422	0	0	24635422	0	0	59.127.142.224
5	0	0	1	0	0	24635986	0	0	24635986	0	0	1.34.251.61
5	0	0	1	0	0	24649728	0	0	24649728	0	0	1.34.92.119
5	0	0	1	0	0	24637791	0	0	24637791	0	0	42.114.63.45
5	0	0	1	0	0	24650104	0	0	24650104	0	0	149.210.58.106
5	0	0	1	0	0	24635491	0	0	24635491	0	0	1.34.82.30
5	0	0	2	0	0	24646315	0	0	24646315	0	0	113.169.38.202
5	3	0	1	0	24635254	24635254	0	24635254	24635254	0	415033	189.41.110.92
5	0	0	1	0	0	24636863	0	0	24636863	0	0	196.52.43.59
5	0	0	1	0	0	24635785	0	0	24635785	0	0	202.138.242.109
5	0	0	1	0	0	24636495	0	0	24636495	0	0	212.143.148.43
5	2	0	0	0	24653053	0	0	24653053	0	0	48	66.249.79.148
5	0	0	1	0	0	24646409	0	0	24646409	0	0	196.52.43.55
5	8	0	6	0	24645358	24645358	0	24645357	24645357	0	434823	187.63.100.248
5	0	0	1	0	0	24644187	0	0	24644187	0	0	173.198.43.165
5	0	0	1	0	0	24635940	0	0	24635940	0	0	99.75.126.134
5	0	0	1	0	0	24643456	0	0	24643456	0	0	196.52.43.54
5	0	0	1	0	0	24643640	0	0	24643640	0	0	81.140.239.37
5	1	0	0	0	24653053	0	0	24653053	0	0	4166	66.249.79.144
5	0	0	1	0	0	24636818	0	0	24636818	0	0	73.146.122.54
5	389	24	56	35	24648087	24648087	24648081	24647623	24647623	24647623	15991404	179.104.200.73
5	0	0	1	0	0	24646899	0	0	24646899	0	0	54.206.127.149
5	0	0	1	0	0	24653053	0	0	24653053	0	0	66.249.79.140
5	0	0	1	0	0	24639121	0	0	24639121	0	0	178.212.134.225
5	0	0	1	0	0	24636276	0	0	24636276	0	0	91.230.121.73
5	368	13	29	37	24635122	24635122	24635122	24635018	24635018	24635019	9256698	191.162.11.238
5	0	0	1	0	0	24645814	0	0	24645814	0	0	114.33.164.173
5	0	0	1	0	0	24640327	0	0	24640327	0	0	191.255.228.51
5	0	0	1	0	0	24636037	0	0	24636037	0	0	177.40.101.102
5	0	0	1	0	0	24637798	0	0	24637798	0	0	203.106.219.107
5	0	0	2	0	0	24643272	0	0	24642296	0	0	200.98.112.153
5	0	0	1	0	0	24635565	0	0	24635565	0	0	117.1.155.101
5	0	0	1	0	0	24642640	0	0	24642640	0	0	92.186.190.191
5	0	0	1	0	0	24635947	0	0	24635947	0	0	210.195.170.4
5	0	0	1	0	0	24635870	0	0	24635870	0	0	177.38.114.6
5	0	0	1	0	0	24637679	0	0	24637679	0	0	175.139.25.50
5	0	0	1	0	0	24636436	0	0	24636436	0	0	54.249.83.55
5	0	0	2	0	0	24651569	0	0	24651569	0	0	23.247.27.90
5	0	0	1	0	0	24647926	0	0	24647926	0	0	176.65.89.98
5	9	0	4	0	24647950	24647947	0	24647947	24647947	0	428799	187.18.210.42
5	0	0	1	0	0	24636453	0	0	24636453	0	0	117.247.245.197
5	0	0	1	0	0	24635488	0	0	24635488	0	0	92.26.242.16
5	0	0	1	0	0	24654181	0	0	24654181	0	0	185.65.252.7
5	7	0	4	0	24647934	24647934	0	24647933	24647933	0	429647	177.43.37.140
5	0	0	1	0	0	24635393	0	0	24635393	0	0	123.27.232.69
5	0	0	1	0	0	24636711	0	0	24636711	0	0	180.176.109.138
5	352	17	24	24	24645200	24645200	24645200	24644642	24644642	24644645	9378301	186.210.198.38
5	0	0	1	0	0	24636966	0	0	24636966	0	0	84.95.202.53
5	0	0	3	0	0	24651883	0	0	24651883	0	0	23.247.72.99
5	1	0	6	6	24646025	24646025	24646026	24646025	24646020	24646025	4589	61.49.45.43
5	0	0	1	0	0	24639964	0	0	24639964	0	0	2.137.218.48
5	0	0	1	0	0	24652333	0	0	24652333	0	0	141.212.122.128
5	0	0	1	0	0	24637644	0	0	24637644	0	0	113.172.134.103
5	1	0	0	0	24645366	0	0	24645366	0	0	85578	191.171.57.144
5	0	0	1	0	0	24641745	0	0	24641745	0	0	86.161.118.80
5	0	0	1	0	0	24635079	0	0	24635079	0	0	197.89.173.20
5	8	0	7	0	24645365	24645365	0	24645358	24645358	0	434540	179.107.246.134
5	0	0	3	0	0	24653887	0	0	24653887	0	0	23.247.72.90
5	0	0	1	0	0	24643176	0	0	24643176	0	0	186.88.180.182
5	0	0	1	0	0	24636000	0	0	24636000	0	0	179.53.162.53
5	0	0	3	0	0	24651931	0	0	24637060	0	0	216.218.206.68
5	0	0	1	0	0	24638401	0	0	24638401	0	0	124.13.99.76
5	0	0	1	0	0	24644314	0	0	24644314	0	0	216.218.206.66
5	1	0	0	2	24633673	0	24633672	24633673	0	24633672	53	91.199.212.132
5	0	0	1	0	0	24645085	0	0	24645085	0	0	103.253.87.2
5	0	0	1	0	0	24636019	0	0	24636019	0	0	123.201.24.233
5	0	0	1	0	0	24643560	0	0	24643560	0	0	81.130.169.170
5	0	0	0	1	0	0	24644525	0	0	24644525	0	186.210.209.247
5	0	0	3	0	0	24638117	0	0	24638117	0	0	66.240.219.146
5	0	0	3	0	0	24654009	0	0	24654009	0	0	69.30.227.218
5	0	0	1	0	0	24637147	0	0	24637147	0	0	98.200.156.100
5	0	0	1	0	0	24637151	0	0	24637151	0	0	1.34.55.6
5	0	0	1	0	0	24635326	0	0	24635326	0	0	93.87.166.115
5	0	0	1	0	0	24636524	0	0	24636524	0	0	84.0.1.190
5	0	0	1	0	0	24645812	0	0	24645812	0	0	82.81.103.51
5	0	0	1	0	0	24639311	0	0	24639311	0	0	175.141.192.40
5	0	0	1	0	0	24635511	0	0	24635511	0	0	220.132.7.2
5	0	0	1	0	0	24643205	0	0	24643205	0	0	104.193.253.48
5	0	0	1	0	0	24642995	0	0	24642995	0	0	115.135.236.203
5	0	0	1	0	0	24646089	0	0	24646089	0	0	177.176.247.227
5	9	0	3	0	24646268	24646268	0	24645357	24645357	0	429299	177.223.13.11
5	0	0	1	0	0	24653311	0	0	24653311	0	0	162.243.112.22
5	0	0	1	0	0	24646105	0	0	24646105	0	0	23.247.27.34
5	0	0	2	0	0	24637235	0	0	24637235	0	0	85.94.103.103
5	0	0	1	0	0	24636268	0	0	24636268	0	0	96.241.65.159
5	123	9	19	6	24649417	24649417	24649307	24648953	24648953	24648955	4796964	186.210.215.174
5	0	0	1	0	0	24636403	0	0	24636403	0	0	90.193.95.18
5	0	0	1	0	0	24635555	0	0	24635555	0	0	175.137.84.6
5	0	0	1	0	0	24635396	0	0	24635396	0	0	186.153.192.5
5	28	2	6	10	24645378	24645378	24645379	24645360	24645360	24645376	1613132	177.35.75.76
5	0	0	3	0	0	24638004	0	0	24638004	0	0	89.248.172.16
5	0	0	1	0	0	24635547	0	0	24635547	0	0	115.72.94.181
5	0	0	1	0	0	24635388	0	0	24635388	0	0	175.143.170.19
5	0	0	1	0	0	24640242	0	0	24640242	0	0	184.105.139.68
5	0	0	2	0	0	24647615	0	0	24645667	0	0	184.105.139.67
5	0	0	1	0	0	24641528	0	0	24641528	0	0	123.59.61.214
5	0	0	1	0	0	24636048	0	0	24636048	0	0	60.52.127.102
5	0	0	1	0	0	24635972	0	0	24635972	0	0	111.185.242.78
5	2	0	0	0	24646217	0	0	24646214	0	0	4643	66.249.65.73
5	0	0	1	0	0	24639488	0	0	24639488	0	0	181.48.15.227
5	0	0	1	0	0	24637273	0	0	24637273	0	0	212.152.72.8
5	0	0	1	0	0	24635481	0	0	24635481	0	0	220.132.234.56
5	5	0	2	0	24646705	24646705	0	24646705	24646705	0	126324	189.41.81.41
5	0	0	3	0	0	24647668	0	0	24647668	0	0	142.54.180.66
5	4	0	0	0	24646215	0	0	24646214	0	0	419791	66.249.65.68
5	1	0	1	0	24635266	24635266	0	24635266	24635266	0	4614	186.210.193.40
5	0	0	1	0	0	24650619	0	0	24650619	0	0	216.167.186.229
5	884	16	39	59	24635119	24635103	24635107	24634536	24634823	24634536	27153290	189.41.82.235
5	3	0	2	0	24638503	24638503	0	24638503	24638503	0	415013	189.41.39.195
5	3	0	2	0	24645440	24645440	0	24645440	24645440	0	415154	179.240.165.41
5	0	0	1	0	0	24638081	0	0	24638081	0	0	180.177.186.162
5	0	0	1	0	0	24652236	0	0	24652236	0	0	192.116.204.129
5	3	0	2	0	24646607	24646607	0	24646607	24646606	0	416981	189.66.100.139
5	0	0	1	0	0	24649694	0	0	24649694	0	0	201.171.242.142
5	0	0	1	0	0	24640954	0	0	24640954	0	0	45.79.191.60
5	22	0	2	3	24645309	24645309	24645309	24645305	24645308	24645306	53100	187.81.198.60
5	0	0	1	0	0	24639344	0	0	24639344	0	0	81.43.103.5
5	0	0	1	1	0	24638794	24638794	0	24638794	24638794	0	40.143.136.38
5	0	0	1	0	0	24644748	0	0	24644748	0	0	220.128.104.31
5	1	0	4	1	24638117	24638117	24638117	24638117	24638117	24638117	4564	71.6.146.185
5	0	0	1	0	0	24636044	0	0	24636044	0	0	212.143.153.206
5	0	0	1	0	0	24636082	0	0	24636082	0	0	78.188.233.60
5	0	0	1	0	0	24639595	0	0	24639595	0	0	49.159.130.68
5	4	0	1	0	24648128	24648128	0	24648128	24648128	0	417416	177.182.50.78
5	0	0	1	0	0	24635248	0	0	24635248	0	0	190.184.136.112
5	0	0	5	0	0	24639075	0	0	24639075	0	0	186.205.8.186
5	215	9	21	10	24639423	24639422	24639423	24638876	24638876	24638882	8756609	189.41.109.182
5	0	0	1	0	0	24642675	0	0	24642675	0	0	123.193.146.123
5	0	0	1	0	0	24636904	0	0	24636904	0	0	200.72.186.45
5	43	3	7	1	24645365	24645363	24645360	24645358	24645358	24645360	1757072	191.211.236.225
5	32	2	7	1	24645369	24645369	24645367	24645357	24645357	24645367	1652014	200.163.173.126
5	0	0	5	0	0	24649295	0	0	24649295	0	0	189.123.146.202
5	0	0	1	0	0	24636188	0	0	24636188	0	0	201.143.219.106
5	55	9	5	4	24648006	24648006	24648005	24648001	24648001	24648004	1402447	201.7.22.41
5	0	0	1	0	0	24636859	0	0	24636859	0	0	79.115.185.23
5	0	0	1	0	0	24637633	0	0	24637633	0	0	200.114.141.246
5	0	0	1	0	0	24638951	0	0	24638951	0	0	123.195.113.224
5	0	0	1	0	0	24653717	0	0	24653717	0	0	220.133.86.69
5	22	1	2	4	24646041	24646041	24646041	24646041	24646041	24646041	18003	191.142.205.232
5	0	0	3	0	0	24650195	0	0	24650195	0	0	104.148.75.99
5	1	0	0	0	24641961	0	0	24641961	0	0	4562	159.203.4.15
5	0	0	1	0	0	24636282	0	0	24636282	0	0	187.234.96.230
5	0	0	1	0	0	24635926	0	0	24635926	0	0	85.64.117.246
5	0	0	1	0	0	24636701	0	0	24636701	0	0	123.195.224.141
5	0	0	1	0	0	24647245	0	0	24647245	0	0	189.172.191.64
5	32	1	3	4	24645018	24645018	24645017	24645014	24645014	24645015	902165	201.58.73.160
5	0	0	1	0	0	24639401	0	0	24639401	0	0	107.198.116.105
5	0	0	2	0	0	24636179	0	0	24636179	0	0	59.97.68.126
5	0	0	1	0	0	24635580	0	0	24635580	0	0	71.177.87.194
5	0	0	1	0	0	24649202	0	0	24649202	0	0	186.179.237.62
5	0	0	1	0	0	24636842	0	0	24636842	0	0	92.249.150.191
5	0	0	1	0	0	24651640	0	0	24651640	0	0	59.125.68.157
5	0	0	1	0	0	24636025	0	0	24636025	0	0	220.135.169.228
5	0	0	1	0	0	24637844	0	0	24637844	0	0	87.70.7.121
5	0	0	1	0	0	24638100	0	0	24638100	0	0	86.131.23.96
5	0	0	1	0	0	24646114	0	0	24646114	0	0	24.248.85.77
5	0	0	1	0	0	24636121	0	0	24636121	0	0	201.171.35.198
5	0	0	1	0	0	24636118	0	0	24636118	0	0	187.131.107.159
5	0	0	3	0	0	24654720	0	0	24653063	0	0	183.129.160.229
5	34	2	3	3	24637773	24637746	24637747	24637738	24637740	24637742	1753594	189.104.177.50
5	0	0	1	0	0	24635660	0	0	24635660	0	0	114.33.245.4
5	0	0	3	0	0	24652368	0	0	24652368	0	0	104.148.75.74
5	0	0	1	0	0	24637226	0	0	24637226	0	0	50.181.138.230
5	0	0	1	0	0	24653390	0	0	24653390	0	0	80.82.65.90
5	0	0	1	0	0	24635581	0	0	24635581	0	0	114.33.8.252
5	3	0	0	0	24648741	0	0	24648733	0	0	3540	66.249.69.169
5	0	0	2	0	0	24654730	0	0	24654730	0	0	199.30.228.142
5	181	4	18	19	24638007	24637732	24638007	24637429	24637496	24637429	6426127	186.210.110.113
5	0	0	1	0	0	24636814	0	0	24636814	0	0	73.183.176.113
5	0	0	1	0	0	24648128	0	0	24648128	0	0	66.249.88.58
5	1	0	0	0	24648738	0	0	24648738	0	0	4077	66.249.69.166
5	2	0	1	0	24648740	24648733	0	24648733	24648733	0	7306	66.249.69.163
5	5	0	3	0	24647978	24647978	0	24647978	24647978	0	421493	85.245.141.84
5	0	0	1	0	0	24636460	0	0	24636460	0	0	114.35.107.174
5	1	0	0	0	24654730	0	0	24654730	0	0	4166	199.30.228.132
5	0	0	1	0	0	24636935	0	0	24636935	0	0	79.79.52.88
5	0	0	1	0	0	24643003	0	0	24643003	0	0	178.223.49.36
5	0	0	4	0	0	24652618	0	0	24652617	0	0	191.181.75.198
5	0	0	1	0	0	24635973	0	0	24635973	0	0	201.143.56.28
5	0	0	1	0	0	24651988	0	0	24651988	0	0	101.200.183.71
5	1	0	0	0	24647920	0	0	24647920	0	0	294259	66.249.88.39
5	0	0	1	0	0	24642994	0	0	24642994	0	0	50.143.12.241
5	1	0	0	0	24647920	0	0	24647920	0	0	294259	66.102.8.223
5	1	0	0	0	24647920	0	0	24647920	0	0	4077	66.249.88.37
5	0	0	1	0	0	24646386	0	0	24646386	0	0	52.77.212.217
5	1	0	0	0	24647920	0	0	24647920	0	0	119080	66.249.88.35
5	0	0	1	0	0	24643255	0	0	24643255	0	0	79.65.27.42
5	0	0	1	0	0	24635258	0	0	24635258	0	0	84.54.150.232
5	0	0	1	0	0	24638295	0	0	24638295	0	0	189.243.202.56
5	173	8	19	4	24646484	24646484	24646481	24646061	24646061	24646389	7163099	186.210.204.144
5	0	0	1	0	0	24654505	0	0	24654505	0	0	72.94.59.19
5	0	0	3	0	0	24649076	0	0	24649076	0	0	63.141.231.195
5	41	1	1	6	24645363	24645315	24645363	24645315	24645315	24645314	51125	179.104.237.216
5	0	0	1	0	0	24641669	0	0	24641669	0	0	61.6.41.10
5	0	0	3	0	0	24649259	0	0	24649259	0	0	63.141.231.194
5	0	0	2	0	0	24648733	0	0	24648733	0	0	66.249.69.134
5	0	0	1	0	0	24635047	0	0	24635047	0	0	61.61.224.237
5	0	0	1	0	0	24635578	0	0	24635578	0	0	109.226.22.242
5	0	0	1	0	0	24635411	0	0	24635411	0	0	82.76.50.164
5	0	0	1	0	0	24641961	0	0	24641961	0	0	77.69.241.252
5	2	0	0	0	24647920	0	0	24647920	0	0	123157	66.102.8.193
5	0	0	1	0	0	24635320	0	0	24635320	0	0	50.245.90.137
5	0	0	1	1	0	24653663	24653663	0	24653663	24653663	0	200.12.214.131
5	0	0	3	0	0	24645868	0	0	24645868	0	0	104.148.75.20
5	0	0	1	0	0	24635994	0	0	24635994	0	0	114.35.119.159
5	0	0	1	0	0	24639316	0	0	24639316	0	0	115.135.0.120
5	0	0	5	0	0	24635911	0	0	24635911	0	0	201.53.27.124
5	0	0	1	0	0	24637566	0	0	24637566	0	0	120.88.152.6
5	0	0	1	0	0	24643539	0	0	24643539	0	0	189.15.184.1
5	46	1	5	1	24635024	24635024	24635024	24635021	24635021	24635024	1785132	177.176.178.162
5	0	0	1	0	0	24640445	0	0	24640445	0	0	210.242.144.235
5	0	0	1	0	0	24647227	0	0	24647227	0	0	168.1.128.59
5	0	0	1	0	0	24635973	0	0	24635973	0	0	59.126.239.2
5	0	0	1	0	0	24640981	0	0	24640981	0	0	61.62.213.28
5	0	0	3	0	0	24651780	0	0	24651780	0	0	23.247.88.4
5	0	0	3	0	0	24647674	0	0	24647674	0	0	23.247.88.3
5	0	0	1	0	0	24648534	0	0	24648534	0	0	62.197.208.36
5	0	0	1	0	0	24638156	0	0	24638156	0	0	69.253.24.121
5	0	0	1	0	0	24636182	0	0	24636182	0	0	1.34.200.97
5	0	0	1	0	0	24636190	0	0	24636190	0	0	108.78.239.236
5	0	0	1	0	0	24640676	0	0	24640676	0	0	106.1.112.229
5	0	0	1	0	0	24639615	0	0	24639615	0	0	72.253.94.16
5	0	0	1	0	0	24635275	0	0	24635275	0	0	176.233.46.34
5	4	0	2	0	24649176	24649174	0	24649174	24649174	0	417525	187.52.94.236
5	0	0	1	0	0	24653154	0	0	24653154	0	0	108.219.13.185
5	0	0	2	0	0	24651021	0	0	24650758	0	0	195.141.14.211
5	0	0	1	0	0	24642960	0	0	24642960	0	0	91.197.234.20
5	0	0	1	0	0	24636091	0	0	24636091	0	0	1.34.65.182
5	0	0	1	0	0	24636053	0	0	24636053	0	0	189.155.118.177
5	0	0	1	0	0	24635901	0	0	24635901	0	0	220.134.155.7
5	0	0	1	0	0	24646502	0	0	24646502	0	0	59.127.29.99
5	0	0	1	0	0	24635793	0	0	24635793	0	0	220.133.158.64
5	0	0	1	0	0	24636714	0	0	24636714	0	0	119.14.204.182
5	0	0	1	0	0	24636872	0	0	24636872	0	0	201.153.48.108
5	1	0	1	0	24650534	24650534	0	24650534	24650534	0	24	66.249.64.124
5	0	0	3	0	0	24638117	0	0	24638117	0	0	71.6.135.131
5	0	0	1	0	0	24635548	0	0	24635548	0	0	93.86.108.72
5	0	0	1	0	0	24640695	0	0	24640695	0	0	213.57.79.173
5	0	0	5	0	0	24642545	0	0	24642545	0	0	189.63.69.209
5	0	0	3	0	0	24650231	0	0	24650231	0	0	198.204.240.220
5	0	0	1	0	0	24639482	0	0	24639482	0	0	106.1.212.218
5	0	0	2	0	0	24650534	0	0	24650534	0	0	66.249.64.110
5	0	0	1	0	0	24651024	0	0	24651024	0	0	177.205.92.67
5	0	0	2	0	0	24637042	0	0	24636409	0	0	85.204.97.10
5	0	0	1	0	0	24635501	0	0	24635501	0	0	46.117.251.176
5	0	0	1	0	0	24651257	0	0	24651257	0	0	77.101.192.138
5	0	0	1	1	0	24648651	24648651	0	24648651	24648651	0	5.189.190.67
5	0	0	3	0	0	24639462	0	0	24639460	0	0	119.29.20.238
5	0	0	1	0	0	24635892	0	0	24635892	0	0	94.72.163.56
5	0	0	3	0	0	24641438	0	0	24641437	0	0	120.25.166.199
5	0	0	12	0	0	24640989	0	0	24640989	0	0	89.248.160.154
5	0	0	1	0	0	24636101	0	0	24636101	0	0	59.127.151.206
5	0	0	1	0	0	24635047	0	0	24635047	0	0	125.227.19.12
5	45	1	2	2	24635061	24635060	24635061	24635059	24635058	24635060	1817518	201.58.242.205
5	0	0	1	0	0	24644323	0	0	24644323	0	0	1.34.1.6
5	0	0	1	0	0	24636244	0	0	24636244	0	0	117.197.144.128
5	0	0	1	0	0	24640853	0	0	24640853	0	0	197.45.167.94
5	67	3	9	4	24637029	24637029	24637029	24635262	24635262	24635263	1692947	189.41.80.85
5	0	0	1	0	0	24636440	0	0	24636440	0	0	117.96.230.114
5	0	0	1	0	0	24638381	0	0	24638381	0	0	70.50.62.69
5	0	0	1	0	0	24646839	0	0	24646839	0	0	50.152.200.38
5	0	0	1	0	0	24647248	0	0	24647248	0	0	192.40.89.10
5	0	0	2	0	0	24654583	0	0	24654583	0	0	208.100.26.231
5	0	0	7	0	0	24654587	0	0	24648941	0	0	208.100.26.230
5	0	0	1	0	0	24636457	0	0	24636457	0	0	187.200.222.52
5	0	0	1	0	0	24646355	0	0	24646355	0	0	115.134.183.180
5	26	5	13	32	24637735	24637735	24637734	24637713	24637717	24637713	448316	177.176.32.252
5	0	0	1	0	0	24638714	0	0	24638714	0	0	175.140.106.11
5	0	0	1	0	0	24637711	0	0	24637711	0	0	175.141.84.83
5	0	0	1	0	0	24637640	0	0	24637640	0	0	187.228.25.23
5	0	0	1	0	0	24654293	0	0	24654293	0	0	177.155.162.147
5	0	0	1	0	0	24635966	0	0	24635966	0	0	187.133.174.22
5	0	0	1	0	0	24636917	0	0	24636917	0	0	211.157.19.82
5	10	1	5	6	24647575	24647575	24647574	24647514	24647514	24647514	209733	201.5.80.245
5	0	0	1	0	0	24651638	0	0	24651638	0	0	144.140.230.77
5	1	0	3	1	24650959	24650959	24650959	24650959	24650959	24650959	4136	163.172.200.111
5	7	0	2	0	24647943	24647934	0	24647934	24647934	0	421583	177.21.248.179
5	0	0	2	0	0	24639122	0	0	24639122	0	0	189.159.72.61
5	0	0	1	0	0	24635655	0	0	24635655	0	0	175.143.17.103
5	0	0	5	0	0	24635418	0	0	24635417	0	0	174.112.51.245
5	0	0	1	0	0	24637039	0	0	24637039	0	0	179.228.165.104
5	0	0	1	0	0	24635735	0	0	24635735	0	0	98.113.196.61
5	36	2	5	4	24647934	24647934	24647934	24647932	24647932	24647933	1264925	179.190.116.8
5	0	0	3	0	0	24653928	0	0	24653928	0	0	63.141.250.156
5	0	0	3	0	0	24637841	0	0	24637841	0	0	181.223.39.28
5	0	0	1	0	0	24644871	0	0	24644871	0	0	220.135.217.223
5	0	0	1	0	0	24635047	0	0	24635047	0	0	73.175.230.45
5	10	0	7	0	24648164	24648164	0	24648164	24648164	0	441928	200.203.16.113
5	1	1	0	1	24633486	0	24633486	24633486	0	24633486	203	186.210.202.49
5	0	0	1	0	0	24647283	0	0	24647283	0	0	2.137.31.101
5	5	0	0	0	24636451	0	0	24636311	0	0	9188	179.104.221.204
5	0	0	2	0	0	24640698	0	0	24639926	0	0	95.144.116.72
5	0	0	1	0	0	24635869	0	0	24635869	0	0	31.13.146.14
5	2	0	0	0	24650534	0	0	24650534	0	0	4190	66.249.64.73
5	0	0	1	0	0	24635483	0	0	24635483	0	0	125.227.18.111
5	0	0	2	0	0	24644289	0	0	24644104	0	0	78.130.149.203
z	0	996	0	24653459	0
z	1	9	0	24646021	9
z	2	42	0	24653460	834
z	3	52	8	24647932	27212
z	4	889	3	24654730	3879262
z	5	1491	159	24653459	51595587
z	6	427	0	24650890	73247597
c	200	3004	24654730
c	206	17	24646021
c	301	3	24653390
c	302	995	24654817
c	304	885	24653459
c	400	2	24636472
c	404	335	24653663
c	405	4	24635071
c	500	18	24647863
